250 1000 100
0 5
1 9
2 5
3 4
4 3
5 5
6 4
7 2
8 2
9 5
10 2
11 5
12 4
13 7
14 2
15 6
16 3
17 6
18 7
19 3
20 6
21 5
22 1
23 6
24 8
25 3
26 4
27 6
28 4
29 7
30 6
31 4
32 2
33 2
34 2
35 3
36 6
37 4
38 4
39 7
40 5
41 7
42 9
43 6
44 7
45 3
46 5
47 6
48 4
49 4
50 6
51 4
52 3
53 2
54 6
55 4
56 5
57 4
58 6
59 6
60 4
61 7
62 9
63 3
64 4
65 7
66 7
67 2
68 4
69 3
70 8
71 4
72 5
73 2
74 5
75 7
76 6
77 4
78 12
79 5
80 1
81 3
82 2
83 5
84 3
85 5
86 8
87 2
88 5
89 4
90 3
91 4
92 5
93 4
94 4
95 6
96 4
97 6
98 3
99 8
100 4
101 6
102 7
103 5
104 3
105 2
106 2
107 4
108 2
109 4
110 4
111 10
112 5
113 4
114 6
115 3
116 2
117 6
118 6
119 3
120 4
121 2
122 4
123 5
124 5
125 7
126 5
127 5
128 4
129 5
130 7
131 5
132 7
133 6
134 6
135 7
136 9
137 4
138 3
139 5
140 7
141 3
142 6
143 4
144 2
145 2
146 4
147 7
148 4
149 4
150 5
151 5
152 4
153 4
154 3
155 8
156 6
157 3
158 1
159 5
160 6
161 4
162 2
163 6
164 6
165 5
166 6
167 5
168 5
169 4
170 4
171 3
172 2
173 6
174 5
175 2
176 5
177 7
178 4
179 3
180 3
181 4
182 3
183 5
184 5
185 3
186 5
187 5
188 2
189 3
190 9
191 5
192 3
193 7
194 6
195 4
196 4
197 5
198 6
199 3
200 9
201 3
202 7
203 5
204 2
205 2
206 2
207 6
208 3
209 6
210 5
211 5
212 3
213 2
214 7
215 5
216 5
217 2
218 3
219 7
220 4
221 12
222 4
223 5
224 8
225 3
226 4
227 3
228 2
229 3
230 4
231 4
232 3
233 4
234 4
235 2
236 1
237 6
238 5
239 3
240 3
241 1
242 5
243 7
244 4
245 4
246 3
247 7
248 5
249 4
0: 181 102 
1: 139 212 53 
2: 174 169 126 
3: 118 120 
4: 144 242 
5: 183 143 154 
6: 87 206 243 
7: 224 140 229 
8: 43 170 
9: 57 122 
10: 143 99 133 
11: 201 23 82 
12: 176 230 
13: 88 214 
14: 142 203 154 
15: 13 161 188 
16: 188 104 130 
17: 100 88 44 
18: 181 46 
19: 193 114 223 
20: 142 50 20 
21: 6 37 
22: 239 67 113 
23: 230 31 
24: 45 171 7 
25: 152 126 
26: 25 166 
27: 144 118 227 
28: 148 86 73 
29: 62 223 
30: 93 89 
31: 140 49 
32: 41 157 
33: 197 67 92 
34: 9 43 89 
35: 120 142 66 
36: 120 125 
37: 7 62 
38: 32 233 
39: 172 235 
40: 36 243 231 
41: 204 205 
42: 246 156 191 
43: 79 9 
44: 27 42 
45: 110 42 189 
46: 115 148 
47: 149 152 160 
48: 105 168 
49: 77 51 150 
50: 40 234 185 
51: 243 182 126 
52: 211 64 
53: 186 164 151 
54: 238 78 
55: 158 93 
56: 125 112 164 
57: 152 117 151 
58: 70 118 
59: 148 208 156 
60: 194 203 
61: 73 0 
62: 131 101 5 
63: 68 136 
64: 154 144 
65: 223 115 233 
66: 219 225 136 
67: 114 183 
68: 145 206 200 
69: 59 71 2 
70: 62 202 
71: 106 192 
72: 60 155 235 
73: 56 97 
74: 114 56 
75: 128 84 
76: 213 235 
77: 240 97 
78: 151 44 
79: 219 238 
80: 101 2 89 
81: 64 120 
82: 153 181 
83: 86 230 
84: 124 249 
85: 220 64 
86: 58 168 
87: 208 46 
88: 245 94 233 
89: 98 189 93 
90: 144 135 103 
91: 142 0 100 
92: 130 42 105 
93: 192 160 11 
94: 172 46 
95: 47 86 
96: 28 27 246 
97: 35 194 
98: 44 194 247 
99: 217 145 
100: 227 242 
101: 28 220 46 
102: 191 98 85 
103: 218 126 
104: 77 146 
105: 56 128 
106: 112 87 27 
107: 141 139 
108: 16 229 53 
109: 74 1 
110: 19 155 
111: 128 210 
112: 187 220 
113: 210 154 221 
114: 127 152 76 
115: 142 195 129 
116: 224 205 
117: 17 109 
118: 76 77 
119: 22 134 74 
120: 202 208 
121: 240 238 138 
122: 226 44 
123: 231 24 
124: 86 13 
125: 95 201 13 
126: 140 86 
127: 176 215 
128: 198 71 
129: 85 242 5 
130: 66 210 230 
131: 77 216 76 
132: 212 120 34 
133: 162 214 127 
134: 137 64 
135: 132 11 
136: 223 95 
137: 232 31 221 
138: 58 111 
139: 65 142 
140: 6 160 
141: 231 63 159 
142: 169 52 69 
143: 72 121 
144: 191 222 
145: 157 41 
146: 193 32 21 
147: 82 63 
148: 108 205 50 
149: 28 154 11 
150: 5 191 
151: 56 206 
152: 133 96 29 
153: 147 23 82 
154: 68 75 
155: 219 183 
156: 150 19 
157: 54 75 213 
158: 45 95 86 
159: 74 108 47 
160: 242 11 
161: 13 133 
162: 113 185 
163: 29 212 44 
164: 25 51 
165: 116 88 
166: 58 142 82 
167: 86 230 173 
168: 127 9 186 
169: 197 195 14 
170: 72 106 
171: 214 19 
172: 113 106 200 
173: 3 29 
174: 207 63 229 
175: 195 94 
176: 199 62 146 
177: 182 102 
178: 68 107 
179: 16 161 45 
180: 48 198 146 
181: 207 78 155 
182: 104 151 
183: 60 213 
184: 55 103 
185: 70 25 
186: 145 7 
187: 162 171 22 
188: 47 30 5 
189: 156 138 
190: 52 58 33 
191: 239 6 
192: 108 40 229 
193: 85 170 
194: 144 163 
195: 7 22 228 
196: 189 201 
197: 131 216 96 
198: 29 238 
199: 218 1 50 
200: 221 92 
201: 214 173 
202: 240 247 223 
203: 28 3 
204: 32 190 
205: 132 56 18 
206: 192 190 46 
207: 110 225 
208: 124 142 
209: 202 204 153 
210: 104 244 
211: 119 76 
212: 214 200 
213: 40 113 
214: 235 149 
215: 126 39 206 
216: 52 204 249 
217: 231 146 48 
218: 158 79 
219: 89 59 93 
220: 231 221 
221: 139 149 
222: 109 239 
223: 70 107 
224: 216 143 
225: 160 235 
226: 125 249 
227: 158 126 
228: 81 92 222 
229: 100 121 105 
230: 152 90 
231: 61 33 
232: 157 88 
233: 193 42 
234: 165 106 
235: 88 193 185 
236: 7 231 94 
237: 9 12 148 
238: 245 37 
239: 75 127 188 
240: 237 155 242 
241: 1 152 
242: 205 199 
243: 92 141 162 
244: 44 10 107 
245: 129 3 36 
246: 213 2 209 
247: 159 169 32 
248: 30 245 223 
249: 164 90 17 
250: 50 16 129 
251: 186 30 
252: 180 33 203 
253: 93 216 108 
254: 19 149 116 
255: 239 64 
256: 162 58 170 
257: 238 62 
258: 14 28 76 
259: 83 40 
260: 204 170 203 
261: 148 155 
262: 7 30 218 
263: 10 42 72 
264: 73 166 
265: 137 135 142 
266: 4 21 170 
267: 122 247 148 
268: 185 211 
269: 133 156 
270: 0 31 
271: 172 171 89 
272: 122 8 218 
273: 50 114 235 
274: 52 175 
275: 38 155 
276: 75 210 
277: 197 247 
278: 168 101 127 
279: 172 87 
280: 199 89 
281: 131 89 193 
282: 223 161 208 
283: 114 229 192 
284: 211 218 70 
285: 248 170 
286: 240 94 75 
287: 121 181 
288: 169 115 99 
289: 126 78 
290: 224 98 
291: 246 66 43 
292: 241 78 
293: 21 146 
294: 6 157 
295: 77 242 
296: 184 230 
297: 142 81 234 
298: 134 174 153 
299: 92 153 
300: 243 220 241 
301: 216 47 
302: 199 155 211 
303: 206 141 115 
304: 114 234 
305: 89 8 
306: 98 205 243 
307: 242 207 
308: 237 120 231 
309: 24 180 
310: 70 185 214 
311: 113 203 151 
312: 92 120 90 
313: 10 75 118 
314: 10 58 149 
315: 0 131 
316: 108 183 
317: 177 109 
318: 210 33 
319: 21 17 
320: 28 45 7 
321: 73 20 
322: 59 127 
323: 194 98 
324: 204 27 
325: 189 46 
326: 88 8 
327: 55 190 92 
328: 30 162 82 
329: 140 191 54 
330: 18 1 
331: 208 125 169 
332: 6 169 170 
333: 54 231 
334: 108 190 178 
335: 219 54 119 
336: 108 237 
337: 167 60 
338: 230 33 122 
339: 117 142 58 
340: 245 66 
341: 151 103 
342: 215 191 61 
343: 93 164 246 
344: 234 5 56 
345: 46 130 90 
346: 169 234 187 
347: 15 8 182 
348: 105 67 223 
349: 140 100 
350: 202 238 145 
351: 74 231 
352: 42 73 77 
353: 67 70 30 
354: 10 197 155 
355: 183 122 
356: 164 142 
357: 181 72 201 
358: 33 22 249 
359: 229 208 
360: 0 99 
361: 167 190 138 
362: 210 135 
363: 91 125 
364: 107 17 
365: 186 90 
366: 61 96 86 
367: 147 21 241 
368: 206 10 
369: 205 176 45 
370: 192 157 144 
371: 110 6 
372: 239 152 
373: 107 61 245 
374: 242 217 153 
375: 17 80 90 
376: 44 112 36 
377: 156 214 186 
378: 124 92 173 
379: 159 219 163 
380: 67 72 73 
381: 239 107 152 
382: 127 93 79 
383: 188 122 
384: 205 146 149 
385: 193 127 
386: 170 78 138 
387: 115 19 189 
388: 161 186 36 
389: 210 173 
390: 219 232 
391: 85 27 
392: 239 117 90 
393: 49 227 96 
394: 239 145 28 
395: 169 130 
396: 127 94 
397: 99 158 170 
398: 141 197 
399: 234 197 246 
400: 194 63 182 
401: 78 91 139 
402: 176 124 
403: 28 61 
404: 174 89 
405: 182 108 51 
406: 121 62 
407: 113 188 
408: 126 119 166 
409: 98 107 
410: 56 84 57 
411: 246 94 232 
412: 217 97 
413: 100 88 
414: 201 69 
415: 223 114 44 
416: 229 210 146 
417: 54 114 224 
418: 123 127 61 
419: 4 231 
420: 213 246 
421: 154 175 
422: 167 80 
423: 242 51 
424: 92 192 
425: 17 15 
426: 65 2 
427: 202 53 
428: 91 101 
429: 120 234 135 
430: 63 16 
431: 130 173 65 
432: 195 23 
433: 189 241 
434: 113 132 
435: 67 245 
436: 145 102 246 
437: 21 244 154 
438: 198 165 
439: 154 122 
440: 233 79 
441: 47 99 
442: 95 74 
443: 56 134 
444: 203 64 208 
445: 22 61 
446: 210 161 
447: 86 17 
448: 57 33 
449: 247 194 
450: 122 219 
451: 194 209 96 
452: 77 83 
453: 139 195 
454: 159 26 
455: 37 34 
456: 224 184 
457: 19 160 
458: 47 156 218 
459: 193 135 231 
460: 191 36 25 
461: 220 249 
462: 106 152 111 
463: 27 92 8 
464: 218 135 201 
465: 49 168 159 
466: 21 204 155 
467: 77 196 135 
468: 84 153 
469: 102 118 213 
470: 86 114 
471: 47 62 
472: 211 145 
473: 97 19 
474: 138 69 71 
475: 134 170 9 
476: 156 81 88 
477: 157 205 
478: 173 65 59 
479: 176 159 41 
480: 249 182 81 
481: 248 211 131 
482: 81 73 49 
483: 123 37 
484: 189 217 
485: 217 8 235 
486: 0 24 
487: 54 211 
488: 4 170 148 
489: 197 101 117 
490: 160 210 
491: 191 76 
492: 42 248 
493: 180 195 159 
494: 241 86 
495: 87 130 
496: 195 83 
497: 44 8 143 
498: 92 224 11 
499: 238 49 93 
500: 46 24 171 
501: 22 67 
502: 106 228 66 
503: 140 167 122 
504: 169 239 
505: 226 134 188 
506: 81 209 65 
507: 21 200 123 
508: 169 162 
509: 109 52 110 
510: 205 46 
511: 171 202 47 
512: 86 129 241 
513: 6 82 
514: 205 17 195 
515: 183 193 
516: 119 14 66 
517: 7 51 
518: 78 50 
519: 78 29 
520: 163 248 
521: 230 161 34 
522: 88 112 
523: 200 206 
524: 211 204 217 
525: 201 49 
526: 248 105 
527: 108 122 240 
528: 230 233 
529: 195 177 
530: 235 183 196 
531: 0 198 113 
532: 39 1 156 
533: 75 179 171 
534: 162 186 
535: 47 27 
536: 229 228 134 
537: 210 236 131 
538: 162 83 
539: 45 109 24 
540: 189 5 70 
541: 89 94 80 
542: 195 170 79 
543: 225 17 
544: 194 115 181 
545: 190 153 
546: 207 89 125 
547: 162 180 102 
548: 24 219 
549: 32 155 
550: 208 0 96 
551: 58 17 
552: 11 153 111 
553: 61 2 240 
554: 11 79 151 
555: 122 98 
556: 84 121 
557: 74 65 
558: 104 44 
559: 243 14 
560: 50 18 218 
561: 230 53 18 
562: 204 217 25 
563: 221 203 145 
564: 51 180 90 
565: 99 20 
566: 152 73 
567: 189 165 117 
568: 101 248 49 
569: 246 96 111 
570: 211 249 
571: 194 39 125 
572: 154 76 188 
573: 88 77 4 
574: 217 6 177 
575: 157 11 160 
576: 127 143 169 
577: 197 29 31 
578: 249 45 
579: 123 160 100 
580: 180 35 
581: 123 136 187 
582: 63 78 213 
583: 5 77 
584: 93 45 73 
585: 58 16 
586: 210 216 
587: 91 20 101 
588: 242 58 
589: 53 238 45 
590: 226 243 237 
591: 113 229 
592: 107 58 227 
593: 1 241 
594: 75 111 
595: 220 234 88 
596: 41 29 
597: 20 91 219 
598: 10 110 69 
599: 143 119 
600: 105 242 
601: 29 215 196 
602: 165 235 209 
603: 161 142 
604: 10 232 75 
605: 35 48 
606: 113 198 
607: 130 243 214 
608: 130 19 235 
609: 161 15 
610: 105 230 122 
611: 98 29 124 
612: 180 72 75 
613: 202 190 
614: 73 160 
615: 106 50 96 
616: 41 119 240 
617: 238 144 
618: 190 81 86 
619: 121 199 
620: 109 73 
621: 133 171 153 
622: 200 49 
623: 219 105 
624: 229 24 
625: 17 197 
626: 182 190 
627: 111 87 133 
628: 139 50 206 
629: 224 215 
630: 135 25 151 
631: 83 80 116 
632: 217 154 50 
633: 213 44 
634: 47 222 
635: 109 140 58 
636: 110 4 9 
637: 36 228 
638: 234 109 
639: 65 8 144 
640: 103 204 36 
641: 18 196 210 
642: 249 213 
643: 81 36 178 
644: 113 140 66 
645: 82 158 72 
646: 2 131 
647: 169 101 52 
648: 15 122 
649: 41 68 
650: 152 25 239 
651: 116 169 
652: 221 11 30 
653: 105 166 
654: 58 211 151 
655: 201 126 
656: 182 149 2 
657: 212 169 80 
658: 193 239 
659: 32 42 
660: 236 53 
661: 46 234 134 
662: 148 237 242 
663: 93 159 
664: 93 182 
665: 158 21 239 
666: 82 119 47 
667: 179 169 
668: 115 59 121 
669: 56 188 
670: 225 1 29 
671: 225 188 
672: 193 139 
673: 19 195 242 
674: 110 203 202 
675: 160 79 
676: 205 84 209 
677: 164 113 
678: 170 140 
679: 138 22 
680: 107 184 190 
681: 186 132 89 
682: 114 66 142 
683: 201 43 148 
684: 59 151 84 
685: 213 37 181 
686: 228 70 4 
687: 87 103 219 
688: 164 65 241 
689: 40 227 105 
690: 157 72 191 
691: 118 8 49 
692: 232 217 
693: 65 7 39 
694: 151 223 65 
695: 101 9 192 
696: 0 151 
697: 81 100 
698: 123 164 17 
699: 22 139 29 
700: 159 213 63 
701: 248 0 
702: 130 25 123 
703: 30 54 
704: 167 101 
705: 37 73 215 
706: 48 132 
707: 46 8 197 
708: 45 95 144 
709: 72 236 
710: 243 219 
711: 215 107 167 
712: 137 199 
713: 6 83 
714: 196 206 236 
715: 218 214 
716: 182 191 91 
717: 228 130 
718: 208 138 177 
719: 43 190 119 
720: 66 159 79 
721: 102 189 119 
722: 152 201 126 
723: 13 81 
724: 184 204 
725: 97 8 13 
726: 100 235 
727: 44 37 49 
728: 74 128 
729: 221 206 245 
730: 77 80 146 
731: 51 40 
732: 159 38 153 
733: 84 17 5 
734: 57 120 
735: 23 133 
736: 135 103 
737: 47 48 51 
738: 132 199 
739: 30 238 
740: 92 193 
741: 126 168 219 
742: 112 155 150 
743: 10 219 222 
744: 136 205 36 
745: 89 225 63 
746: 223 161 154 
747: 201 85 105 
748: 241 165 
749: 226 229 
750: 225 67 12 
751: 76 217 23 
752: 199 155 
753: 190 117 
754: 18 11 9 
755: 247 76 246 
756: 89 51 213 
757: 10 168 
758: 22 54 
759: 235 20 
760: 90 52 131 
761: 99 96 196 
762: 45 161 
763: 89 48 152 
764: 160 165 205 
765: 238 143 
766: 197 243 
767: 82 26 
768: 142 204 
769: 225 110 
770: 223 156 
771: 139 128 
772: 175 195 66 
773: 150 225 
774: 97 49 
775: 84 166 168 
776: 44 20 
777: 171 160 46 
778: 86 103 230 
779: 210 66 
780: 136 198 40 
781: 132 170 104 
782: 67 84 96 
783: 101 48 40 
784: 58 246 
785: 112 48 
786: 28 166 71 
787: 102 179 232 
788: 208 7 216 
789: 59 87 202 
790: 218 65 243 
791: 7 138 
792: 169 103 17 
793: 196 187 
794: 183 139 
795: 90 92 
796: 93 144 173 
797: 244 206 
798: 125 140 
799: 199 26 211 
800: 101 175 53 
801: 161 196 96 
802: 120 205 
803: 78 25 
804: 98 114 162 
805: 19 142 223 
806: 5 108 
807: 111 211 
808: 76 66 56 
809: 97 114 190 
810: 210 229 132 
811: 246 58 227 
812: 14 52 238 
813: 89 16 204 
814: 242 137 77 
815: 76 68 23 
816: 187 142 206 
817: 153 146 
818: 68 181 117 
819: 109 102 
820: 155 237 92 
821: 169 216 45 
822: 185 222 169 
823: 229 164 34 
824: 28 162 
825: 127 105 236 
826: 154 135 
827: 73 132 77 
828: 167 122 219 
829: 228 151 31 
830: 81 112 77 
831: 208 52 
832: 154 241 
833: 18 124 
834: 135 100 
835: 37 24 58 
836: 175 124 43 
837: 68 234 
838: 191 148 172 
839: 148 185 
840: 87 205 231 
841: 199 223 191 
842: 227 7 120 
843: 131 232 
844: 16 183 158 
845: 91 76 
846: 54 29 87 
847: 154 167 
848: 20 46 
849: 0 33 249 
850: 185 151 
851: 113 206 212 
852: 95 227 93 
853: 73 75 195 
854: 86 73 235 
855: 162 56 
856: 119 150 184 
857: 100 40 31 
858: 204 86 222 
859: 49 89 
860: 133 135 
861: 239 87 145 
862: 157 234 13 
863: 193 14 133 
864: 4 29 
865: 87 175 100 
866: 17 84 
867: 41 17 
868: 13 175 
869: 73 237 
870: 29 66 
871: 72 2 
872: 148 219 214 
873: 44 25 
874: 134 165 
875: 180 55 
876: 28 244 
877: 103 131 
878: 43 141 192 
879: 184 169 
880: 168 205 230 
881: 18 171 77 
882: 94 217 
883: 43 38 
884: 171 217 
885: 201 4 
886: 231 71 58 
887: 179 227 
888: 237 215 13 
889: 120 28 
890: 136 6 
891: 236 95 
892: 66 42 94 
893: 141 228 227 
894: 238 215 
895: 158 66 142 
896: 3 217 
897: 40 155 27 
898: 103 34 4 
899: 139 166 189 
900: 61 62 
901: 230 205 
902: 248 174 
903: 231 22 
904: 176 5 50 
905: 18 233 
906: 47 214 
907: 29 90 81 
908: 1 18 40 
909: 27 68 25 
910: 164 43 
911: 150 42 
912: 2 243 94 
913: 43 41 34 
914: 0 2 
915: 167 179 164 
916: 65 113 26 
917: 86 38 
918: 215 160 58 
919: 115 0 
920: 182 121 217 
921: 5 121 185 
922: 118 68 
923: 237 146 213 
924: 214 218 
925: 2 89 
926: 107 214 247 
927: 223 113 186 
928: 92 179 
929: 174 71 169 
930: 4 154 6 
931: 207 194 233 
932: 219 198 
933: 196 138 
934: 206 93 
935: 19 76 
936: 55 179 190 
937: 120 56 
938: 209 240 
939: 188 12 148 
940: 9 235 
941: 113 122 
942: 227 76 
943: 37 196 230 
944: 221 167 
945: 188 59 
946: 211 23 
947: 171 134 
948: 146 137 180 
949: 224 189 168 
950: 39 36 105 
951: 217 123 82 
952: 50 155 
953: 4 203 
954: 47 105 156 
955: 101 176 105 
956: 241 158 
957: 77 195 217 
958: 34 185 
959: 120 132 155 
960: 12 223 
961: 248 1 78 
962: 129 247 
963: 237 168 
964: 56 94 
965: 249 24 69 
966: 122 12 
967: 131 23 
968: 203 170 
969: 188 181 249 
970: 226 14 98 
971: 88 171 175 
972: 160 166 244 
973: 164 245 
974: 218 213 
975: 43 175 108 
976: 98 141 112 
977: 28 226 
978: 128 20 30 
979: 63 68 230 
980: 53 96 
981: 133 66 
982: 39 164 
983: 61 20 235 
984: 161 37 70 
985: 78 155 
986: 157 176 60 
987: 162 62 
988: 86 107 19 
989: 141 125 
990: 124 73 51 
991: 75 244 175 
992: 66 97 155 
993: 46 246 
994: 218 223 
995: 46 87 172 
996: 152 122 33 
997: 25 126 9 
998: 151 35 133 
999: 104 202 231 
0: 14: 94 167 58 
1: 7: 246 44 64 
2: 10: 219 
3: 12: 228 
4: 12: 37 71 106 240 
5: 15: 48 56 150 
6: 12: 125 85 
7: 5: 243 143 
8: 9: 180 69 227 
9: 9: 33 91 
10: 7: 47 211 15 
11: 16: 34 120 
12: 14: 101 158 
13: 6: 2 49 235 3 35 
14: 4: 16 10 5 
15: 10: 29 79 118 
16: 11: 170 225 
17: 11: 210 189 
18: 10: 197 1 113 
19: 10: 90 135 
20: 13: 198 163 236 6 
21: 16: 162 
22: 15: 12 194 
23: 13: 169 
24: 9: 63 
25: 11: 231 26 14 
26: 11: 119 18 73 
27: 15: 111 
28: 9: 196 229 109 9 
29: 10: 21 66 
30: 8: 245 224 61 
31: 9: 51 137 107 
32: 9: 183 112 
33: 6: 4 70 
34: 9: 214 223 99 
35: 14: 19 36 77 88 54 24 
36: 16: 93 42 205 
37: 6: 181 67 193 62 202 130 
38: 12: 220 132 
39: 8: 247 
40: 10: 188 28 221 
41: 16: 176 
42: 9: 72 207 164 148 92 
43: 14: 171 60 
44: 7: 222 
45: 12: 76 104 98 
46: 4: 226 65 195 175 126 
47: 14: 173 190 30 117 
48: 13: 20 110 
49: 10: 184 
50: 6: 116 203 82 
51: 12: 40 46 
52: 9: 100 53 
53: 6: 89 144 38 159 
54: 11: 103 
55: 11: 17 
56: 9: 212 136 138 
57: 11: 201 
58: 9: 86 172 55 
59: 10: 178 75 209 
60: 4: 84 215 147 
61: 8: 248 145 
62: 10: 108 114 
63: 12: 59 
64: 6: 146 234 
65: 13: 149 141 
66: 14: 102 39 
67: 10: 249 
68: 8: 160 204 115 
69: 15: 142 
70: 7: 22 
71: 11: 27 
72: 9: 134 78 8 244 57 
73: 9: 151 128 232 
74: 15: 43 
75: 13: 213 83 
76: 7: 191 241 168 
77: 4: 0 97 216 129 
78: 8: 217 186 239 238 139 105 179 
79: 11: 133 131 
80: 12: 165 155 233 192 
81: 12: 52 200 
82: 15: 182 
83: 15: 177 174 74 
84: 11: 122 185 124 68 
85: 9: 13 187 
86: 9: 50 
87: 8: 96 
88: 9: 152 
89: 12: 121 
90: 14: 45 206 87 
91: 15: 166 
92: 14: 242 80 154 140 
93: 12: 156 199 81 23 
94: 6: 208 218 11 
95: 7: 230 32 7 41 153 
96: 8: 31 237 127 95 
97: 15: 25 161 
98: 13: 157 
99: 14: 123 
